0 1.1e-06
50 0.0092617
100 0.0374216
150 0.0833195
200 0.14413
250 0.243435
300 0.327374
350 0.424683
400 0.550215
450 0.692609
500 0.862956
550 1.0357
600 1.21876
650 1.43274
700 1.66364
750 1.91812
800 2.17029
850 2.47715
900 2.75454
950 3.0537
1000 3.35057
1050 3.66935
1100 3.97214
1150 4.39248
1200 4.72448
1250 5.14508
1300 5.57775
1350 6.0618
1400 6.39714
1450 6.83246
1500 7.30404
1550 7.81621
1600 8.40652
1650 8.94349
1700 9.42834
1750 9.97986
1800 10.4443
1850 11.0682
1900 11.7114
1950 12.3616
2000 12.8688
2050 13.5093
2100 14.1994
2150 14.9848
2200 15.9017
2250 16.5699
2300 17.2745
2350 18.0629
2400 18.6269
2450 19.3788
e
