500 0.0002394
1000 0.0003714
1500 0.0005962
2000 0.0007712
2500 0.0009008
3000 0.0010714
3500 0.0013103
4000 0.0019175
4500 0.0018427
5000 0.0018923
5500 0.0020745
6000 0.0026036
6500 0.0026329
7000 0.0029352
7500 0.0038357
8000 0.003023
8500 0.0032214
9000 0.003536
9500 0.0048479
10000 0.0038784
10500 0.003829
11000 0.0045714
11500 0.0048069
12000 0.0043757
12500 0.0046246
13000 0.0064898
13500 0.0049597
14000 0.0053755
14500 0.0058932
15000 0.005603
15500 0.0079444
16000 0.0061312
16500 0.007575
17000 0.007881
17500 0.0087815
18000 0.0073747
18500 0.0082006
19000 0.0074116
19500 0.0096269
20000 0.0074175
20500 0.008326
21000 0.0083421
21500 0.0091247
22000 0.0082824
22500 0.0092032
23000 0.0091729
23500 0.0095397
24000 0.0156219
24500 0.0162562
25000 0.014006
25500 0.015005
26000 0.0235582
26500 0.0169617
27000 0.0243122
27500 0.0157342
28000 0.0160492
28500 0.013253
29000 0.0113629
29500 0.0145497
30000 0.0118044
30500 0.012251
31000 0.0123516
31500 0.0119568
32000 0.0140704
32500 0.0124679
33000 0.0141062
33500 0.0133079
34000 0.0134173
34500 0.0165038
35000 0.0131776
35500 0.014244
36000 0.0139815
36500 0.0145092
37000 0.0139703
37500 0.0161769
38000 0.016235
38500 0.0164655
39000 0.0162562
39500 0.0166831
40000 0.016384
40500 0.0170133
41000 0.0184639
41500 0.0190613
42000 0.0182787
42500 0.0185521
43000 0.0233537
43500 0.020004
44000 0.0178412
44500 0.0174092
45000 0.0174868
45500 0.0183922
46000 0.0200958
46500 0.0222784
47000 0.0209243
47500 0.0179352
48000 0.0198305
48500 0.0195519
49000 0.0192172
49500 0.0195796
50000 0.0218815
50500 0.0213558
51000 0.0215024
51500 0.0202482
52000 0.0199278
52500 0.0202346
53000 0.0195269
53500 0.0204011
54000 0.020436
54500 0.0209736
55000 0.0211101
55500 0.0214451
56000 0.022629
56500 0.0214207
57000 0.0214669
57500 0.0226479
58000 0.022143
58500 0.0216568
59000 0.0222337
59500 0.0224304
60000 0.0229068
60500 0.0236401
61000 0.0236308
61500 0.023209
62000 0.0235068
62500 0.0239733
63000 0.0246791
63500 0.0244767
64000 0.0237284
64500 0.0269322
65000 0.0271955
65500 0.026131
66000 0.0264451
66500 0.0245293
67000 0.0247207
67500 0.0251183
68000 0.0257829
68500 0.0265495
69000 0.0296747
69500 0.0273136
70000 0.026156
70500 0.0268335
71000 0.0271124
71500 0.027037
72000 0.0265712
72500 0.0282456
73000 0.0278616
73500 0.0281056
74000 0.0283633
74500 0.0274936
75000 0.027804
75500 0.029115
76000 0.0297622
76500 0.029649
77000 0.0294636
77500 0.0292989
78000 0.02889
78500 0.0294813
79000 0.0302715
79500 0.0309662
80000 0.0302535
80500 0.0295642
81000 0.0304863
81500 0.0306082
82000 0.031667
82500 0.0326926
83000 0.0318748
83500 0.03361
84000 0.0316419
84500 0.0311544
85000 0.032277
85500 0.0342842
86000 0.0330179
86500 0.0337128
87000 0.0329555
87500 0.0330169
88000 0.032757
88500 0.0356374
89000 0.0337067
89500 0.0344499
90000 0.0333901
90500 0.0336175
91000 0.0355078
91500 0.0361956
92000 0.0410986
92500 0.0397715
93000 0.0360967
93500 0.0377634
94000 0.0370577
94500 0.0354007
95000 0.0358701
95500 0.0367076
96000 0.0362267
96500 0.0358035
97000 0.0372391
97500 0.0388164
98000 0.0375512
98500 0.0365131
99000 0.037188
99500 0.0387954
100000 0.0393402
100500 0.0379177
101000 0.0377366
101500 0.0388552
102000 0.038207
102500 0.0393266
103000 0.0393303
103500 0.0387936
104000 0.0395439
104500 0.0393743
105000 0.0411011
105500 0.0399691
106000 0.0392989
106500 0.0401645
107000 0.0398879
107500 0.0421162
108000 0.0421899
108500 0.0415789
109000 0.0414802
109500 0.0415781
110000 0.0463193
110500 0.0417903
111000 0.0439415
111500 0.0415715
112000 0.0441611
112500 0.042533
113000 0.0419938
113500 0.0436299
114000 0.042719
114500 0.0476363
115000 0.0433052
115500 0.0443567
116000 0.0433081
116500 0.0442556
117000 0.0449167
117500 0.0446437
118000 0.0435894
118500 0.0442383
119000 0.0478856
119500 0.0450079
120000 0.0449542
120500 0.045333
121000 0.0481113
121500 0.047422
122000 0.0455177
122500 0.045613
123000 0.0519889
123500 0.0581477
124000 0.0565071
124500 0.0549383
125000 0.0490291
125500 0.0472803
126000 0.048425
126500 0.0485988
127000 0.0491429
127500 0.0481222
128000 0.04848
128500 0.0481121
129000 0.0507269
129500 0.0486508
130000 0.0489676
130500 0.0492579
131000 0.0541496
131500 0.0492162
132000 0.0495425
132500 0.0494954
133000 0.0509846
133500 0.0499316
134000 0.0506244
134500 0.0497728
135000 0.0519881
135500 0.0514566
136000 0.0505104
136500 0.0509531
137000 0.0552035
137500 0.0520426
138000 0.0522733
138500 0.0528338
139000 0.0550361
139500 0.0539365
140000 0.0625435
140500 0.0545538
141000 0.053131
141500 0.0524815
142000 0.0538991
142500 0.0540825
143000 0.0529861
143500 0.0534388
144000 0.0540323
144500 0.0561222
145000 0.0542687
145500 0.0543026
146000 0.0539619
146500 0.0569266
147000 0.05459
147500 0.0539379
148000 0.0578772
148500 0.0569966
149000 0.0559406
149500 0.0578901
e
