50 5.64e-05
100 8.19e-05
150 0.0001243
200 0.0001751
250 0.0002535
300 0.0003702
350 0.0005268
400 0.0006253
450 0.0008525
500 0.000988
550 0.0012464
600 0.0021642
650 0.0018571
700 0.0021042
750 0.0022403
800 0.0025301
850 0.0027999
900 0.0033673
950 0.0038179
1000 0.0038501
1050 0.0043087
1100 0.0049888
1150 0.0048805
1200 0.0052047
1250 0.0059476
1300 0.0063443
1350 0.0074427
1400 0.0073851
1450 0.0090843
1500 0.0082556
1550 0.0096357
1600 0.0090902
1650 0.0115703
1700 0.0126323
1750 0.0112959
1800 0.0121635
1850 0.0133005
1900 0.0141126
1950 0.01403
2000 0.0166927
2050 0.0153752
2100 0.0164238
2150 0.0167509
2200 0.0181861
2250 0.0198103
2300 0.0187116
2350 0.0217312
2400 0.0233392
2450 0.0254613
2500 0.0231759
2550 0.0240798
2600 0.0249035
2650 0.0246484
2700 0.0258994
2750 0.0285361
2800 0.0306479
2850 0.0309985
2900 0.0299176
2950 0.03194
3000 0.0324816
3050 0.032401
3100 0.0347986
3150 0.0361067
3200 0.0365434
3250 0.0394538
3300 0.0393206
3350 0.0400395
3400 0.0445013
3450 0.0423532
3500 0.044373
3550 0.0494545
3600 0.0447868
3650 0.0466766
3700 0.0485149
3750 0.0500886
3800 0.0488285
3850 0.052502
3900 0.0536932
3950 0.0534929
4000 0.0563515
4050 0.0601565
4100 0.0576774
4150 0.0589354
4200 0.0625121
4250 0.0639895
4300 0.0648025
4350 0.0658589
4400 0.0744415
4450 0.0730458
4500 0.0707893
4550 0.0702192
4600 0.0715585
4650 0.0804972
4700 0.081223
4750 0.0797595
4800 0.0791673
4850 0.081659
4900 0.089346
4950 0.0851909
5000 0.0887915
5050 0.0888611
5100 0.0892791
5150 0.0955588
5200 0.0916796
5250 0.0980841
5300 0.109091
5350 0.1071
5400 0.0982797
5450 0.104745
5500 0.108085
5550 0.106603
5600 0.108633
5650 0.111092
5700 0.111974
5750 0.114103
5800 0.115042
5850 0.115474
5900 0.119089
5950 0.120796
6000 0.122013
6050 0.127168
6100 0.126081
6150 0.127921
6200 0.131623
6250 0.132496
6300 0.134596
6350 0.138108
6400 0.141927
6450 0.143966
6500 0.143729
6550 0.144869
6600 0.148798
6650 0.149271
6700 0.153535
6750 0.154766
6800 0.158216
6850 0.161665
6900 0.163469
6950 0.163147
7000 0.168474
7050 0.165971
7100 0.171416
7150 0.174797
7200 0.174919
7250 0.17993
7300 0.181726
7350 0.184492
7400 0.188367
7450 0.187233
7500 0.189945
7550 0.192658
7600 0.196098
7650 0.197801
7700 0.202695
7750 0.202273
7800 0.204746
7850 0.21202
7900 0.210333
7950 0.217749
8000 0.228481
8050 0.224116
8100 0.22317
8150 0.234866
8200 0.262425
8250 0.242449
8300 0.236332
8350 0.234431
8400 0.23895
8450 0.240892
8500 0.247688
8550 0.247851
8600 0.261372
8650 0.254609
8700 0.255417
8750 0.258241
8800 0.261349
8850 0.26785
8900 0.266549
8950 0.269688
9000 0.2748
9050 0.27672
9100 0.280077
9150 0.280529
9200 0.286297
9250 0.287997
9300 0.292546
9350 0.29369
9400 0.297284
9450 0.310787
9500 0.316092
9550 0.307392
9600 0.317064
9650 0.321093
9700 0.322989
9750 0.331952
9800 0.333061
9850 0.327596
9900 0.342699
9950 0.341661
10000 0.346923
10050 0.340863
10100 0.351343
10150 0.357992
10200 0.361175
10250 0.361352
10300 0.361998
10350 0.363542
10400 0.376825
10450 0.417141
10500 0.432673
10550 0.41487
10600 0.38681
10650 0.383473
10700 0.390121
10750 0.38594
10800 0.396888
10850 0.395826
10900 0.417105
10950 0.409917
11000 0.40788
11050 0.414392
11100 0.414869
11150 0.418126
11200 0.422694
11250 0.422313
11300 0.429387
11350 0.432228
11400 0.43395
11450 0.440343
11500 0.445216
11550 0.446308
11600 0.453667
11650 0.454679
11700 0.456738
11750 0.469198
11800 0.475099
11850 0.484668
11900 0.476208
11950 0.489443
12000 0.486803
12050 0.491856
12100 0.525586
12150 0.494361
12200 0.501584
12250 0.504459
12300 0.503937
12350 0.515105
12400 0.532486
12450 0.532391
12500 0.554426
12550 0.531799
12600 0.531644
12650 0.54105
12700 0.545165
12750 0.547023
12800 0.552563
12850 0.559842
12900 0.562405
12950 0.566041
13000 0.571889
13050 0.572278
13100 0.578253
13150 0.581418
13200 0.587646
13250 0.603027
13300 0.598299
13350 0.60266
13400 0.601796
13450 0.622661
13500 0.611331
13550 0.618922
13600 0.627756
13650 0.626465
13700 0.632801
13750 0.631638
13800 0.656218
13850 0.647407
13900 0.649623
13950 0.657013
14000 0.658867
14050 0.6612
14100 0.661933
14150 0.673384
14200 0.674658
14250 0.695488
14300 0.68912
14350 0.691801
14400 0.701878
14450 0.69954
14500 0.729244
14550 0.71383
14600 0.713612
14650 0.776846
14700 0.727294
14750 0.729254
14800 0.73168
14850 0.742078
14900 0.762226
14950 0.762656
e
