0 8e-07
2000 7.45e-05
4000 0.0001467
6000 0.0002177
8000 0.0002901
10000 0.0003617
12000 0.0007676
14000 0.0004989
16000 0.0005768
18000 0.0006685
20000 0.000773
22000 0.0007894
24000 0.0008719
26000 0.0009436
28000 0.0010199
30000 0.0011137
32000 0.0015406
34000 0.0014669
36000 0.0017558
38000 0.0016563
40000 0.0015208
42000 0.0016949
44000 0.0015933
46000 0.0016562
48000 0.0018259
50000 0.0018359
52000 0.0020438
54000 0.0019144
56000 0.0020175
58000 0.0021293
60000 0.0021786
62000 0.0026808
64000 0.0027833
66000 0.0025947
68000 0.0025057
70000 0.0030589
72000 0.0027725
74000 0.0028086
76000 0.0027693
78000 0.0035057
80000 0.0028888
82000 0.0029931
84000 0.0045647
86000 0.003672
88000 0.0032888
90000 0.0032009
92000 0.0056862
94000 0.0036178
96000 0.0035789
98000 0.0058815
100000 0.004296
102000 0.0044903
104000 0.0054346
106000 0.0065034
108000 0.00497
110000 0.0072905
112000 0.0043556
114000 0.0068747
116000 0.0068178
118000 0.0093125
120000 0.0054093
122000 0.0150589
124000 0.0053398
126000 0.0069358
128000 0.0072714
130000 0.0066748
132000 0.005552
134000 0.0075122
136000 0.00631
138000 0.0075564
140000 0.0063469
142000 0.0058117
144000 0.007036
146000 0.0055936
148000 0.0088968
150000 0.007348
152000 0.0069644
154000 0.0072182
156000 0.0078083
158000 0.0072839
160000 0.0086735
162000 0.0065734
164000 0.0093954
166000 0.0093913
168000 0.0082222
170000 0.0127665
172000 0.0071176
174000 0.0085227
176000 0.00846
178000 0.0077635
180000 0.0109039
182000 0.007985
184000 0.0088963
186000 0.0070815
188000 0.0081107
190000 0.0101536
192000 0.0080444
194000 0.0091148
196000 0.0090308
198000 0.0096883
200000 0.0082566
202000 0.0106822
204000 0.0118579
206000 0.0080523
208000 0.0110742
210000 0.0109417
212000 0.0090144
214000 0.0098059
216000 0.0089098
218000 0.0133763
220000 0.0101982
222000 0.0081364
224000 0.0091418
226000 0.0090911
228000 0.0101692
230000 0.0142076
232000 0.0125563
234000 0.0095171
236000 0.0117352
238000 0.0114707
240000 0.0093099
242000 0.0096596
244000 0.0099748
246000 0.0089199
248000 0.0110199
250000 0.0098957
252000 0.0094732
254000 0.0113423
256000 0.0113599
258000 0.010256
260000 0.0117405
262000 0.0122746
264000 0.0098272
266000 0.0109902
268000 0.0107126
270000 0.010466
272000 0.0102422
274000 0.0102938
276000 0.0107382
278000 0.0114379
280000 0.0108594
282000 0.0107878
284000 0.0106795
286000 0.0117495
288000 0.0119941
290000 0.0143508
292000 0.0145618
294000 0.0111435
296000 0.0118582
298000 0.0148131
300000 0.0168147
302000 0.0125149
304000 0.0126934
306000 0.0122398
308000 0.0148151
310000 0.015918
312000 0.0165124
314000 0.0147579
316000 0.0160353
318000 0.0142542
320000 0.0165347
322000 0.0133454
324000 0.0122884
326000 0.011829
328000 0.0134367
330000 0.0137791
332000 0.0123728
334000 0.0125262
336000 0.0122813
338000 0.0123539
340000 0.0127837
342000 0.013742
344000 0.0128683
346000 0.0127184
348000 0.0137609
350000 0.0130848
352000 0.0142754
354000 0.0141349
356000 0.0139723
358000 0.0139968
360000 0.0132038
362000 0.0135333
364000 0.0139252
366000 0.0133041
368000 0.0144648
370000 0.0147403
372000 0.0135965
374000 0.0137901
376000 0.0159581
378000 0.0142177
380000 0.014656
382000 0.0164694
384000 0.0148782
386000 0.0141252
388000 0.0155239
390000 0.0156357
392000 0.0160577
394000 0.0145089
396000 0.0154313
398000 0.0152499
400000 0.0146747
402000 0.0153603
404000 0.0149081
406000 0.0148689
408000 0.01755
410000 0.0166274
412000 0.0592037
414000 0.017854
416000 0.0162504
418000 0.0217772
420000 0.0161235
422000 0.0157219
424000 0.0163057
426000 0.0176592
428000 0.0166526
430000 0.0172337
432000 0.0158917
434000 0.0170935
436000 0.0176286
438000 0.0163094
440000 0.0161054
442000 0.0169263
444000 0.01743
446000 0.0175751
448000 0.0177664
450000 0.0174306
452000 0.0176217
454000 0.0176506
456000 0.0172187
458000 0.0168802
460000 0.0172289
462000 0.0193505
464000 0.0173957
466000 0.017958
468000 0.0172473
470000 0.018752
472000 0.0187958
474000 0.0174281
476000 0.0174604
478000 0.0177576
480000 0.0178966
482000 0.0178251
484000 0.0192786
486000 0.0184196
488000 0.0180713
490000 0.0181606
492000 0.0211408
494000 0.0193211
496000 0.0197256
498000 0.0181304
e
