5 4.99e-05
10 0.0001348
15 0.0003269
20 0.0005866
25 0.0007689
30 0.0012229
35 0.0017176
40 0.0026409
45 0.0034172
50 0.0047099
55 0.005896
60 0.0076992
65 0.0106745
70 0.0116418
75 0.0147599
80 0.0192622
85 0.0200607
90 0.0264564
95 0.0296367
100 0.0341368
105 0.0433756
110 0.0478647
115 0.0514102
120 0.0535706
125 0.0613304
130 0.0696206
135 0.0739693
140 0.0896722
145 0.0936923
150 0.102074
155 0.120602
160 0.129462
165 0.13526
170 0.147523
175 0.15945
180 0.17452
185 0.199075
190 0.204801
195 0.221713
200 0.244506
205 0.264078
210 0.272723
215 0.296716
220 0.317534
225 0.387609
230 0.46797
235 0.463341
240 0.463556
245 0.485224
250 0.553395
255 0.563631
260 0.57377
265 0.606351
270 0.648359
e
