0 8e-07
200 0.0001219
400 0.0002814
600 0.0005014
800 0.0007588
1000 0.0010783
1200 0.0014684
1400 0.0018563
1600 0.0026084
1800 0.0032454
2000 0.0038598
2200 0.0047283
2400 0.0057221
2600 0.0062863
2800 0.0069389
3000 0.0078778
3200 0.0088833
3400 0.0096706
3600 0.0132952
3800 0.013583
4000 0.014671
4200 0.0162455
4400 0.0175246
4600 0.0192478
4800 0.0206124
5000 0.0222019
5200 0.024134
5400 0.0278849
5600 0.0279599
5800 0.0306153
6000 0.0319194
6200 0.0345302
6400 0.0370284
6600 0.0396127
6800 0.0427016
7000 0.0427705
7200 0.0479494
7400 0.0485361
7600 0.0507728
7800 0.0532172
8000 0.0614982
8200 0.0594299
8400 0.0640578
8600 0.0702779
8800 0.0721591
9000 0.0844004
9200 0.0791594
9400 0.0901923
9600 0.0851171
9800 0.0832492
10000 0.0864914
10200 0.0909022
10400 0.09377
10600 0.101392
10800 0.106168
11000 0.121098
11200 0.108371
11400 0.114069
11600 0.122337
11800 0.123864
12000 0.126644
12200 0.130459
12400 0.13867
12600 0.145116
12800 0.1475
13000 0.17493
13200 0.161641
13400 0.157399
13600 0.165691
13800 0.172292
14000 0.18209
14200 0.178935
14400 0.188799
14600 0.191293
14800 0.196071
15000 0.200739
15200 0.204117
15400 0.210755
15600 0.209638
15800 0.237684
16000 0.271185
16200 0.244374
16400 0.24199
16600 0.258043
16800 0.261497
17000 0.332132
17200 0.310916
17400 0.297117
17600 0.281462
17800 0.280627
18000 0.384547
18200 0.295029
18400 0.313457
18600 0.338025
18800 0.312788
19000 0.33286
19200 0.336161
19400 0.32926
19600 0.428963
19800 0.385202
20000 0.353689
20200 0.356585
20400 0.361289
20600 0.385663
20800 0.38745
21000 0.42135
21200 0.400125
21400 0.393682
21600 0.414356
21800 0.450151
22000 0.440065
22200 0.46121
22400 0.529766
22600 0.46137
22800 0.465346
23000 0.4755
23200 0.472323
23400 0.477055
23600 0.507695
23800 0.492633
24000 0.511932
24200 0.50639
24400 0.513536
24600 0.55129
24800 0.545021
25000 0.563087
25200 0.688931
25400 0.652971
25600 0.629446
25800 0.655801
26000 0.654974
26200 0.701705
26400 0.633751
26600 0.673223
26800 0.682235
27000 0.73962
27200 0.692575
27400 0.844104
27600 0.774868
27800 0.704974
28000 0.717741
28200 0.715927
28400 0.74902
28600 0.793395
28800 0.73295
29000 0.745673
29200 0.737318
29400 0.786275
29600 0.878077
29800 0.788487
30000 0.84556
30200 0.827648
30400 0.868915
30600 0.852204
30800 0.932464
31000 0.948858
31200 0.933101
31400 0.977412
31600 0.937084
31800 0.87863
32000 0.9014
32200 0.906917
32400 0.914958
32600 0.934515
32800 0.958629
33000 0.962061
33200 0.963341
33400 0.991647
33600 0.981462
33800 0.987821
34000 1.00271
34200 1.01069
34400 1.0244
34600 1.03727
34800 1.03751
35000 1.06188
35200 1.07837
35400 1.1301
35600 1.14016
35800 1.10152
36000 1.12824
36200 1.12274
36400 1.1433
36600 1.16426
36800 1.17257
37000 1.19192
37200 1.21019
37400 1.2128
37600 1.23958
37800 1.23579
38000 1.26591
38200 1.2707
38400 1.28865
38600 1.32211
38800 1.32577
39000 1.34153
39200 1.33869
39400 1.36291
39600 1.37966
39800 1.40862
e
