50 3.66e-05
100 4.69e-05
150 8.03e-05
200 0.000124
250 0.0001069
300 0.000213
350 0.0001387
400 0.0001362
450 0.0002047
500 0.0002019
550 0.0002555
600 0.0003315
650 0.0003146
700 0.0003784
750 0.0003124
800 0.0003312
850 0.0004168
900 0.0003919
950 0.0003967
1000 0.0005736
1050 0.0008502
1100 0.0004348
1150 0.0008641
1200 0.0008338
1250 0.0006418
1300 0.000487
1350 0.0005645
1400 0.0006024
1450 0.0006497
1500 0.0010521
1550 0.0006528
1600 0.0008984
1650 0.000676
1700 0.0012124
1750 0.0006596
1800 0.0008167
1850 0.0008293
1900 0.0007443
1950 0.0008632
2000 0.0008241
2050 0.0007811
2100 0.0020048
2150 0.0008707
2200 0.0008594
2250 0.0013694
2300 0.0008851
2350 0.0011074
2400 0.00098
2450 0.0019799
2500 0.0009338
2550 0.0046939
2600 0.0009664
2650 0.0013496
2700 0.0011815
2750 0.0012578
2800 0.0010344
2850 0.0014501
2900 0.0029261
2950 0.0011517
3000 0.0028206
3050 0.001404
3100 0.0027732
3150 0.0012104
3200 0.001455
3250 0.0013502
3300 0.0017012
3350 0.0012887
3400 0.0051526
3450 0.0012989
3500 0.001326
3550 0.0026185
3600 0.0025143
3650 0.0014281
3700 0.001789
3750 0.0014587
3800 0.0015881
3850 0.0024915
3900 0.002179
3950 0.001851
4000 0.0043301
4050 0.0017184
4100 0.0019358
4150 0.0021811
4200 0.0015767
4250 0.002525
4300 0.0020355
4350 0.002401
4400 0.0022566
4450 0.0016707
4500 0.0029122
4550 0.0022341
4600 0.001741
4650 0.0017597
4700 0.0020658
4750 0.0022855
4800 0.0032599
4850 0.002538
4900 0.0018685
4950 0.0025622
5000 0.0019247
5050 0.0018987
5100 0.0028551
5150 0.0026314
5200 0.0019948
5250 0.0030669
5300 0.0019899
5350 0.0020537
5400 0.0035117
5450 0.0023107
5500 0.0020953
5550 0.0043222
5600 0.0021469
5650 0.0023225
5700 0.0021554
5750 0.0055096
5800 0.0023941
5850 0.0038145
5900 0.0037635
5950 0.0039769
6000 0.0024828
6050 0.0043797
6100 0.0023598
6150 0.0026307
6200 0.0023445
6250 0.0029992
6300 0.0028022
6350 0.0049674
6400 0.0030238
6450 0.0054955
6500 0.0039808
6550 0.0024599
6600 0.0056396
6650 0.0024938
6700 0.0038771
6750 0.0041093
6800 0.0029593
6850 0.0049313
6900 0.0026783
6950 0.0061678
7000 0.0026096
7050 0.0046323
7100 0.0026814
7150 0.0032715
7200 0.0033
7250 0.005352
7300 0.0030406
7350 0.0028129
7400 0.0028947
7450 0.0049493
7500 0.0027784
7550 0.0038085
7600 0.0030599
7650 0.002816
7700 0.003725
7750 0.0028704
7800 0.0028787
7850 0.0049105
7900 0.0029211
7950 0.0029944
8000 0.0065631
8050 0.0035794
8100 0.0075028
8150 0.0048364
8200 0.0038079
8250 0.0038973
8300 0.0042804
8350 0.0032953
8400 0.0031147
8450 0.0051875
8500 0.0072094
8550 0.0036853
8600 0.0045379
8650 0.0031956
8700 0.0045237
8750 0.0045785
8800 0.0036851
8850 0.0038479
8900 0.0036474
8950 0.0040926
9000 0.0046502
9050 0.0034993
9100 0.0034945
9150 0.0077468
9200 0.0034729
9250 0.005654
9300 0.0037653
9350 0.0053934
9400 0.0035725
9450 0.0041903
9500 0.0035821
9550 0.0056367
9600 0.0036104
9650 0.0036411
9700 0.0046297
9750 0.0059449
9800 0.0056442
9850 0.0038137
9900 0.0063344
9950 0.0041946
10000 0.0072717
10050 0.0040839
10100 0.0071827
10150 0.0049761
10200 0.0040333
10250 0.005725
10300 0.0044199
10350 0.0056741
10400 0.0042921
10450 0.0062408
10500 0.0060111
10550 0.004243
10600 0.006211
10650 0.0039499
10700 0.0172753
10750 0.0050743
10800 0.006729
10850 0.0041573
10900 0.0058486
10950 0.0042524
11000 0.0048261
11050 0.0045996
11100 0.0084366
11150 0.0041783
11200 0.0080345
11250 0.0043328
11300 0.0068242
11350 0.0044709
11400 0.0049028
11450 0.0042042
11500 0.006026
11550 0.0042962
11600 0.0070195
11650 0.0043719
11700 0.0073015
11750 0.0045462
11800 0.0069981
11850 0.005014
11900 0.0097789
11950 0.004373
12000 0.0049162
12050 0.0052407
12100 0.0052175
12150 0.005792
12200 0.0050906
12250 0.0081119
12300 0.0057294
12350 0.0078957
12400 0.0046401
12450 0.0078535
12500 0.0046889
12550 0.0060477
12600 0.0047979
12650 0.0111106
12700 0.0054825
12750 0.0048804
12800 0.0060861
12850 0.0069934
12900 0.0048443
12950 0.0048974
13000 0.0079362
13050 0.0070358
13100 0.0048361
13150 0.0054846
13200 0.0049862
13250 0.0063081
13300 0.0066674
13350 0.0051811
13400 0.0080329
13450 0.0050132
13500 0.0077326
13550 0.0050293
13600 0.00708
13650 0.0051746
13700 0.0060405
13750 0.0056226
13800 0.0090362
13850 0.0055829
13900 0.0085752
13950 0.0051212
14000 0.0057247
14050 0.0068757
14100 0.0067525
14150 0.0076123
14200 0.0068016
14250 0.0055652
14300 0.0095559
14350 0.0053827
14400 0.0077221
14450 0.0075211
14500 0.0062924
14550 0.0054597
14600 0.0081714
14650 0.0065193
14700 0.00584
14750 0.0080879
14800 0.0054908
14850 0.0082891
14900 0.0081494
14950 0.00562
15000 0.0087832
15050 0.0083646
15100 0.0091688
15150 0.0057103
15200 0.0073615
15250 0.0056674
15300 0.0088973
15350 0.0058762
15400 0.0068173
15450 0.0097896
15500 0.0057807
15550 0.0066284
15600 0.0057636
15650 0.0060268
15700 0.0066385
15750 0.0064104
15800 0.0088011
15850 0.0077813
15900 0.0062774
15950 0.0062129
16000 0.0078525
16050 0.0079584
16100 0.0143202
16150 0.0088253
16200 0.0118137
16250 0.007921
16300 0.006341
16350 0.0093346
16400 0.0074198
16450 0.0068862
16500 0.008187
16550 0.0061195
16600 0.0078407
16650 0.0065958
16700 0.0089586
16750 0.006302
16800 0.0103228
16850 0.0090853
16900 0.0072639
16950 0.0064336
17000 0.0073824
17050 0.00667
17100 0.0077841
17150 0.0073952
17200 0.0077073
17250 0.0065316
17300 0.0089675
17350 0.0076722
17400 0.0071115
17450 0.0083571
17500 0.0066026
17550 0.0091598
17600 0.0069466
17650 0.0118063
17700 0.0075994
17750 0.0094775
17800 0.0086815
17850 0.0077776
17900 0.0105032
17950 0.0098302
18000 0.0134445
18050 0.0072626
18100 0.0085386
18150 0.0101313
18200 0.0084729
18250 0.0086838
18300 0.0102877
18350 0.0094181
18400 0.0131961
18450 0.0096878
18500 0.0265705
18550 0.0133144
18600 0.0104333
18650 0.008882
18700 0.0105906
18750 0.0110142
18800 0.011587
18850 0.0096387
18900 0.0125872
18950 0.0094849
19000 0.0075212
19050 0.0094797
19100 0.0108451
19150 0.0148629
19200 0.0127119
19250 0.0129743
19300 0.0103414
19350 0.0073946
19400 0.0122098
19450 0.0090984
19500 0.0085916
19550 0.0131313
19600 0.0151374
19650 0.0088733
19700 0.0102305
19750 0.0162231
19800 0.0208992
19850 0.0153016
19900 0.0110456
19950 0.0074488
20000 0.0088361
20050 0.0118325
20100 0.0085031
20150 0.0089883
20200 0.0087344
20250 0.0092877
20300 0.0095381
20350 0.0113206
20400 0.0098005
20450 0.0090297
20500 0.0076618
20550 0.0123404
20600 0.0089028
20650 0.0099805
20700 0.0077825
20750 0.0077926
20800 0.0103948
20850 0.0092136
20900 0.0095088
20950 0.0136037
21000 0.0133698
21050 0.0137533
21100 0.0108256
21150 0.0094598
21200 0.0078642
21250 0.0192926
21300 0.0237135
21350 0.0430285
21400 0.0139309
21450 0.0197597
21500 0.0184778
21550 0.0147354
21600 0.0191923
21650 0.0152796
21700 0.0207969
21750 0.0295128
21800 0.0127039
21850 0.0216804
21900 0.020976
21950 0.0150206
22000 0.0180616
22050 0.0137838
22100 0.0151174
22150 0.0097082
22200 0.0122337
22250 0.0133951
22300 0.0136774
22350 0.0184575
22400 0.0245146
22450 0.0226502
22500 0.0157147
22550 0.0275541
22600 0.0161963
22650 0.0138717
22700 0.0164967
22750 0.0162823
22800 0.0225717
22850 0.0223313
22900 0.015463
22950 0.0205092
23000 0.0156934
23050 0.0148053
23100 0.0149951
23150 0.0111084
23200 0.0148579
23250 0.0114707
23300 0.0187593
23350 0.0131074
23400 0.014002
23450 0.013008
23500 0.0127508
23550 0.0102277
23600 0.0115146
23650 0.0115234
23700 0.0120305
23750 0.0134667
23800 0.0223283
23850 0.0176701
23900 0.0237325
23950 0.0183005
24000 0.017873
24050 0.0193454
24100 0.0149056
24150 0.0155251
24200 0.0136752
24250 0.0291324
24300 0.0137926
24350 0.0120605
24400 0.0118999
24450 0.0169972
24500 0.0116275
24550 0.0170263
24600 0.0142498
24650 0.015023
24700 0.0149614
24750 0.0120903
24800 0.0138682
24850 0.0199772
24900 0.0152171
24950 0.0138538
e
